x
-1 1
1 0.407586 6.890808
2 0.273077 0.985105
3 0.983201 2.183141
4 0.05239 0.360154
5 0.226842 1.333223
6 0.547037 7.678764
7 0.37626 0.978742
8 0.982537 1.606112
9 0.055942 0.301784
10 0.209735 1.20424
11 0.42961 0.970399
12 0.958029 2.268741
13 0.051997 0.295738
14 0.198109 0.923711
15 0.287 10
16 0.005828 0.13598
17 0.2 1.481
18 -0.02458 0.056834
19 6.9e-005 0.019945
20 0.000188 0.016086
21 0.2 1.453
22 -0.056402 0.050742
23 5.8e-005 0.022469
24 0.00018 0.019275
25 0.2 1.286
26 -0.031098 0.043215
27 7.100000000000001e-005 0.021541
28 0.000132 0.016788
29 0.2 1.295
30 -0.03377 0.016279
31 7.2e-005 0.020468
32 0.000131 0.017134
33 4.7e-005 0.456874
34 0.324 10
35 0.007026 0.140801
36 0.217 1.542
37 -0.030465 0.046715
38 9.899999999999999e-005 0.019976
39 0.000314 0.017379
40 0.213 1.573
41 -0.043555 0.036256
42 9.1e-005 0.020758
43 0.000327 0.018368
44 0.208 1.326
45 -0.024796 0.038206
46 0.0001 0.022467
47 0.00025 0.018852
48 0.209 1.35
49 -0.035462 0.034106
50 9.000000000000001e-005 0.023258
51 0.000226 0.018447
