x
-1 1
1 0.471019 10.652297
2 0.215993 1.119937
3 0.990746 4.630254
4 0.050801 0.518798
5 0.266538 1.674552
6 0.450095 10.464429
7 0.337222 0.991627
8 0.9868170000000001 2.147503
9 0.058654 0.437462
10 0.257474 0.9544010000000001
11 0.433622 0.992749
12 0.976286 1.43766
13 0.072395 0.276401
14 0.266128 0.776859
15 0.269 10
16 0.00434 0.230325
17 0.235 3.859
18 -0.06856 0.038159
19 3.6e-005 0.06435
20 5.2e-005 0.029703
21 0.235 3.876
22 -0.06875100000000001 0.031722
23 3.6e-005 0.064445
24 4.7e-005 0.029692
25 0.219 2.798
26 -0.029896 0.017151
27 2.6e-005 0.050844
28 5.1e-005 0.054629
29 0.218 2.8
30 -0.027961 0.014656
31 2.5e-005 0.050864
32 5e-005 0.054792
33 0.00029 0.456874
34 0.455 10
35 0.002485 0.19006
36 0.2 2.025
37 -0.041794 0.034188
38 2e-006 0.039745
39 7.4e-005 0.021817
40 0.2 2.027
41 -0.041704 0.027357
42 2e-006 0.039581
43 6.600000000000001e-005 0.021785
44 0.2 1.645
45 -0.028355 0.014344
46 2e-006 0.038012
47 5.7e-005 0.034053
48 0.2 1.645
49 -0.026009 0.016087
50 2e-006 0.037981
51 5.5e-005 0.03426
